(0,4021)
(0,0)
(185,13)
(590,216)
(588,254)
(593,254)
(456,1603)
(468,1598)
(484,1400)
(559,1307)
(572,1282)
(586,1269)
(586,1265)
(578,1239)
(581,1194)
(623,1158)
(694,1133)
(899,903)
(1264,1061)
(1264,1474)
(1389,1398)
(1569,1463)
(1585,1572)
(1607,1583)
(1618,1616)
(1618,1714)
(1656,1730)
(1661,1828)
(1694,1904)
(1710,1893)
(1710,1958)
(1814,2062)
(1825,2312)
(1825,2312)
(1923,2394)
(1988,2405)
(2010,2464)
(2043,2475)
(2054,2541)
(2239,2568)
(2228,2475)
(2239,2454)
(2217,2198)
(2244,2181)
(2250,2143)
(2299,2105)
(2451,2056)
(2577,2089)
(2599,2127)
(2626,2149)
(2648,2241)
(2686,2241)
(2593,1436)
(2637,1425)
(2646,1435)
(2650,1434)
(2653,1413)
(2655,1413)
(2668,1424)
(2674,1423)
(2684,1412)
(2695,1416)
(2658,1096)
(2658,1086)
(2684,1071)
(2691,1077)
(2687,1024)
(2707,1014)
(2720,1020)
(2722,1026)
(2724,1027)
(2730,1005)
(2748,1014)
(2760,999)
(2750,938)
(2752,920)
(2769,900)
(2791,891)
(2730,452)
(2731,432)
(2744,432)
(2693,48)
(2748,0)
(3023,0)
(3023,4012)
